%TITLE%
 FFC   201008/1800 

   LEVEL       HGHT       TEMP       DWPT       WDIR       WSPD
-------------------------------------------------------------------
%RAW%
 1000.00,    165.00,  -9999.00,  -9999.00,  -9999.00,  -9999.00
  991.00,    245.00,     25.40,     17.40,    215.00,      4.00
  983.00,    316.05,     23.80,     14.80,  -9999.00,  -9999.00
  956.00,    558.47,     21.60,     13.60,  -9999.00,  -9999.00
  950.33,    610.00,     21.46,     12.04,    200.00,      0.99
  948.00,    631.28,     21.40,     11.40,  -9999.00,  -9999.00
  940.00,    704.70,     22.20,      7.20,  -9999.00,  -9999.00
  925.00,    844.00,     21.60,      5.60,    285.00,      4.99
  917.53,    914.00,     21.47,      3.37,    295.00,      4.99
  890.00,   1177.14,     21.00,     -5.00,  -9999.00,  -9999.00
  885.67,   1219.00,     20.78,     -5.45,    330.00,      2.99
  852.00,   1551.89,     19.00,     -9.00,  -9999.00,  -9999.00
  850.00,   1572.00,     18.80,     -7.20,     45.00,      6.00
  838.00,   1693.57,     17.60,     -3.40,  -9999.00,  -9999.00
  824.80,   1829.00,     17.60,    -11.64,     60.00,      4.99
  822.00,   1858.01,     17.60,    -13.40,  -9999.00,  -9999.00
  795.75,   2134.00,     16.46,    -17.00,     40.00,      4.99
  790.00,   2195.66,     16.20,    -17.80,  -9999.00,  -9999.00
  767.59,   2438.00,     14.34,    -13.74,     85.00,      4.99
  740.29,   2743.00,     12.00,     -8.64,     85.00,      4.99
  738.00,   2769.05,     11.80,     -8.20,  -9999.00,  -9999.00
  700.00,   3209.00,      9.40,    -16.60,     15.00,      6.00
  691.00,   3315.89,      8.80,    -19.20,  -9999.00,  -9999.00
  662.79,   3658.00,      6.32,    -18.37,    290.00,      2.99
  657.00,   3729.99,      5.80,    -18.20,  -9999.00,  -9999.00
  646.00,   3867.64,      5.20,    -31.80,  -9999.00,  -9999.00
  632.00,   4045.74,      4.40,    -38.60,  -9999.00,  -9999.00
  614.86,   4267.00,      2.95,    -40.35,    280.00,     10.99
  576.00,   4792.17,     -0.50,    -44.50,  -9999.00,  -9999.00
  569.85,   4877.00,     -0.88,    -45.18,    280.00,     16.01
  500.00,   5910.00,     -5.50,    -53.50,    280.00,     19.00
  499.00,   5925.71,     -5.70,    -53.70,  -9999.00,  -9999.00
  488.26,   6096.00,     -6.26,    -54.26,    275.00,     18.01
  480.00,   6229.62,     -6.70,    -54.70,  -9999.00,  -9999.00
  474.00,   6327.91,     -6.70,    -47.70,  -9999.00,  -9999.00
  469.00,   6410.83,     -6.50,    -23.50,  -9999.00,  -9999.00
  447.00,   6784.42,     -9.90,    -22.90,  -9999.00,  -9999.00
  411.00,   7425.94,    -15.70,    -27.70,  -9999.00,  -9999.00
  400.53,   7620.00,    -17.79,    -27.89,    250.00,     20.01
  400.00,   7630.00,    -17.90,    -27.90,    250.00,     20.01
  384.44,   7925.00,    -20.83,    -28.24,    250.00,     21.00
  382.00,   7972.28,    -21.30,    -28.30,  -9999.00,  -9999.00
  358.00,   8447.97,    -24.90,    -29.20,  -9999.00,  -9999.00
  338.00,   8865.53,    -25.90,    -30.40,  -9999.00,  -9999.00
  325.19,   9144.00,    -27.55,    -33.00,    260.00,     38.00
  318.00,   9305.30,    -28.50,    -34.50,  -9999.00,  -9999.00
  311.00,   9464.47,    -29.90,    -35.90,  -9999.00,  -9999.00
  304.00,   9626.31,    -31.30,    -39.30,  -9999.00,  -9999.00
  300.00,   9720.00,    -32.30,    -39.30,    265.00,     43.01
  294.00,   9861.85,    -33.50,    -39.50,  -9999.00,  -9999.00
  286.00,  10054.50,    -34.90,    -42.90,  -9999.00,  -9999.00
  270.00,  10452.64,    -38.10,    -44.10,  -9999.00,  -9999.00
  263.00,  10632.83,    -38.70,    -47.70,  -9999.00,  -9999.00
  258.00,  10764.44,    -38.30,    -56.30,  -9999.00,  -9999.00
  255.00,  10844.63,    -38.70,    -60.70,  -9999.00,  -9999.00
  250.26,  10973.00,    -39.65,    -63.54,    270.00,     60.01
  250.00,  10980.00,    -39.70,    -63.70,    270.00,     61.00
  242.00,  11200.96,    -41.50,    -56.50,  -9999.00,  -9999.00
  232.00,  11484.83,    -44.30,    -56.30,  -9999.00,  -9999.00
  216.00,  11958.21,    -48.50,    -77.50,  -9999.00,  -9999.00
  208.00,  12205.23,    -49.70,    -78.70,  -9999.00,  -9999.00
  200.00,  12460.00,    -51.90,    -76.90,    275.00,     64.01
  198.00,  12525.41,    -52.50,    -75.50,  -9999.00,  -9999.00
  184.00,  12997.06,    -57.10,    -68.10,  -9999.00,  -9999.00
  168.00,  13570.39,    -61.30,    -73.30,  -9999.00,  -9999.00
  164.00,  13720.62,    -61.70,    -77.70,  -9999.00,  -9999.00
  160.00,  13873.91,    -63.10,    -84.10,  -9999.00,  -9999.00
  156.21,  14021.00,    -64.36,    -84.62,    280.00,     74.01
  153.00,  14148.47,    -65.46,    -85.07,    280.00,     74.01
  150.00,  14270.00,    -66.50,    -85.50,    280.00,     72.01
  143.00,  14556.58,    -69.30,    -85.30,  -9999.00,  -9999.00
  138.00,  14768.23,    -69.90,    -86.90,  -9999.00,  -9999.00
  134.16,  14935.00,    -71.17,    -89.44,    270.00,     56.00
  132.00,  15030.90,    -71.90,    -90.90,  -9999.00,  -9999.00
  129.00,  15166.20,    -71.50,    -90.50,  -9999.00,  -9999.00
  127.38,  15240.00,    -72.05,    -91.25,    275.00,     54.99
  121.00,  15540.76,    -74.30,    -94.30,    280.00,     49.01
  114.75,  15850.00,    -73.23,    -94.12,    295.00,     35.00
  114.00,  15888.01,    -73.10,    -94.10,  -9999.00,  -9999.00
  108.92,  16154.00,    -73.44,    -94.44,    250.00,     31.00
  108.00,  16203.69,    -73.50,    -94.50,  -9999.00,  -9999.00
  104.00,  16422.95,    -75.10,    -94.10,  -9999.00,  -9999.00
  100.00,  16650.00,    -74.90,    -93.90,    255.00,     33.99
   98.40,  16743.97,    -72.70,    -93.70,  -9999.00,  -9999.00
   93.06,  17069.00,    -73.75,    -94.75,    290.00,     13.00
   88.31,  17374.00,    -74.73,    -95.73,    270.00,     25.00
   87.50,  17427.92,    -74.90,    -95.90,  -9999.00,  -9999.00
   83.85,  17678.00,    -73.73,    -96.13,    265.00,     20.01
   79.60,  17983.00,    -72.31,    -96.42,    310.00,     14.01
   75.57,  18288.00,    -70.88,    -96.70,    245.00,     10.00
   72.90,  18498.89,    -69.90,    -96.90,  -9999.00,  -9999.00
   71.75,  18593.00,    -69.90,    -97.29,    270.00,     13.00
   70.00,  18740.00,    -69.90,    -97.90,    295.00,     10.99
   68.16,  18898.00,    -70.15,    -98.15,    275.00,      4.99
   64.30,  19245.17,    -70.70,    -98.70,  -9999.00,  -9999.00
   60.00,  19658.06,    -68.70,    -97.70,  -9999.00,  -9999.00
   58.48,  19812.00,    -68.88,    -97.43,    235.00,     10.99
   56.70,  19996.85,    -69.10,    -97.10,  -9999.00,  -9999.00
   55.60,  20114.58,    -67.30,    -96.30,  -9999.00,  -9999.00
   55.58,  20117.00,    -67.29,    -96.29,    280.00,     18.01
   50.00,  20760.00,    -64.30,    -94.30,    325.00,      6.99
   47.90,  21022.81,    -63.10,    -93.10,  -9999.00,  -9999.00
   47.84,  21031.00,    -63.01,    -93.03,    315.00,     12.00
   45.54,  21336.00,    -59.66,    -90.56,     75.00,      0.99
   45.30,  21368.71,    -59.30,    -90.30,  -9999.00,  -9999.00
   41.60,  21899.07,    -61.30,    -92.30,  -9999.00,  -9999.00
   41.29,  21946.00,    -61.20,    -92.20,    250.00,     21.00
   37.44,  22555.00,    -59.92,    -90.92,    275.00,     12.00
   36.80,  22661.48,    -59.70,    -90.70,  -9999.00,  -9999.00
   35.00,  22975.83,    -57.90,    -89.90,  -9999.00,  -9999.00
   33.97,  23165.00,    -57.64,    -89.64,    265.00,     17.00
   32.36,  23470.00,    -57.22,    -89.22,    305.00,     16.01
   31.20,  23700.94,    -56.90,    -88.90,  -9999.00,  -9999.00
   30.84,  23774.00,    -56.37,    -88.37,    280.00,     16.01
   30.00,  23950.00,    -55.10,    -87.10,    290.00,     13.00
   28.04,  24384.00,    -52.90,    -85.48,    285.00,     10.99
   26.70,  24699.96,    -51.30,    -84.30,  -9999.00,  -9999.00
   25.51,  24994.00,    -51.89,    -84.89,    285.00,      6.00
   23.60,  25498.18,    -52.90,    -85.90,  -9999.00,  -9999.00
   23.22,  25603.00,    -52.48,    -85.72,    185.00,     12.00
   22.15,  25908.00,    -51.28,    -85.18,    180.00,     21.00
   22.00,  25952.45,    -51.10,    -85.10,  -9999.00,  -9999.00
   21.13,  26213.00,    -51.67,    -85.19,    230.00,     17.00
   20.20,  26505.53,    -52.30,    -85.30,  -9999.00,  -9999.00
   20.16,  26518.00,    -52.07,    -85.26,    230.00,     18.01
   20.00,  26570.00,    -51.10,    -85.10,    230.00,     18.01
   18.40,  27114.36,    -48.90,    -82.90,  -9999.00,  -9999.00
   17.54,  27432.00,    -48.01,    -82.24,    280.00,     15.00
   16.75,  27737.00,    -47.15,    -81.61,    250.00,     18.01
   15.27,  28346.00,    -45.44,    -80.35,    275.00,     19.00
   15.00,  28466.08,    -45.10,    -80.10,  -9999.00,  -9999.00
   13.32,  29261.00,    -45.00,    -80.00,    255.00,     23.00
   12.15,  29870.00,    -44.92,    -79.92,    265.00,     20.01
   11.90,  30011.41,    -44.90,    -79.90,  -9999.00,  -9999.00
   11.61,  30175.00,    -46.05,    -81.05,    225.00,     20.01
   11.60,  30181.47,    -46.10,    -81.10,  -9999.00,  -9999.00
   11.09,  30480.00,    -45.56,    -80.56,    240.00,     19.00
   10.60,  30785.00,    -45.01,    -80.01,    240.00,     17.00
   10.50,  30845.04,    -44.90,    -79.90,  -9999.00,  -9999.00
   10.12,  31090.00,    -45.80,    -80.80,    220.00,     15.00
   10.00,  31170.00,    -46.10,    -81.10,    220.00,     15.00
    9.90,  31236.74,    -46.50,    -81.50,  -9999.00,  -9999.00
    9.24,  31699.00,    -45.19,    -80.92,    225.00,     33.99
    9.00,  31871.60,    -44.70,    -80.70,  -9999.00,  -9999.00
    8.30,  32411.40,    -46.10,    -81.10,  -9999.00,  -9999.00
    8.00,  32657.16,    -44.10,    -80.10,  -9999.00,  -9999.00
    7.80,  32826.69,    -44.70,    -79.70,  -9999.00,  -9999.00
    7.40,  33181.06,    -41.70,    -77.70,  -9999.00,  -9999.00
    7.35,  33223.00,    -41.70,    -77.70,    270.00,     33.99
    7.10,  33461.46,    -41.70,    -77.70,  -9999.00,  -9999.00
